500 0.0010
0.3611 
0.3029 
0.6239 
0.8205 
0.1374 
0.0261 
0.3330 
0.8335 
0.7342 
0.7603 
0.1505 
0.5527 
0.9057 
0.0662 
0.2768 
0.9529 
0.3129 
0.3089 
0.7884 
0.9529 
0.9950 
0.5527 
0.4283 
0.0391 
0.5186 
0.5968 
0.2247 
0.2327 
0.2508 
0.0732 
0.3330 
0.7663 
0.6369 
0.8285 
0.6570 
0.0572 
0.3591 
0.9890 
0.5677 
0.1585 
0.1184 
0.4122 
0.7232 
0.1113 
0.9278 
0.6610 
0.1354 
0.8917 
0.3190 
0.3039 
0.6830 
0.0020 
0.5005 
0.3109 
0.3761 
0.6730 
0.5667 
0.5617 
0.1866 
0.1424 
0.0331 
0.9950 
0.4915 
0.0913 
0.8686 
0.1996 
0.0000 
0.8867 
0.5817 
0.8756 
0.2267 
0.9559 
0.1464 
0.2718 
0.5236 
0.1394 
0.3902 
0.1083 
0.9448 
0.2297 
0.3932 
0.9338 
0.2959 
0.6560 
0.7683 
0.6309 
0.6971 
0.0401 
0.2528 
0.6389 
0.6600 
0.4042 
0.8144 
0.8706 
0.7302 
0.5246 
0.2658 
0.9759 
0.9488 
0.1484 
0.3019 
0.1043 
0.4684 
0.1204 
0.4754 
0.1765 
0.2357 
0.7422 
0.8455 
0.2859 
0.8656 
0.7633 
0.3480 
0.7422 
0.1956 
0.9549 
0.8175 
0.9769 
0.0271 
0.8556 
0.6439 
0.4744 
0.1795 
0.6700 
0.3561 
0.4544 
0.3340 
0.6570 
0.8997 
0.0772 
0.3350 
0.9940 
0.6489 
0.2497 
1.0000 
0.7964 
0.1394 
0.9970 
0.5707 
0.8546 
0.9328 
0.1043 
0.1494 
0.2768 
0.5115 
0.9679 
0.9769 
0.6439 
0.7743 
0.3611 
0.5486 
0.8857 
0.7753 
0.0812 
0.7653 
0.5356 
0.8646 
0.5928 
0.8556 
0.7693 
0.7793 
0.9629 
0.9539 
0.4253 
0.0261 
0.9789 
0.0572 
0.3872 
0.1996 
0.5807 
0.6088 
0.5286 
0.9107 
0.7041 
0.8154 
0.5827 
0.5226 
0.5406 
0.9519 
0.3691 
0.5196 
0.5567 
0.2728 
0.3250 
0.4644 
0.1224 
0.0923 
0.6780 
0.4704 
0.8676 
0.4704 
0.7202 
0.1946 
0.5697 
0.0080 
0.4835 
0.4052 
0.6148 
0.8225 
0.4574 
0.1013 
0.8134 
0.0993 
0.2277 
0.9328 
0.2979 
0.9077 
0.7292 
0.9539 
0.0522 
0.9298 
0.8796 
0.3771 
0.5436 
0.3119 
0.1805 
0.6339 
0.1575 
0.9057 
0.6229 
0.2096 
0.1896 
0.0742 
0.0973 
0.6459 
0.2788 
0.2407 
0.5306 
0.7382 
0.3200 
0.5747 
0.8235 
0.3330 
0.2698 
0.1434 
0.0361 
0.9649 
0.3099 
0.3661 
0.6309 
0.8636 
0.2086 
0.2307 
0.5306 
0.6730 
0.3551 
0.5065 
0.1083 
0.8455 
0.0321 
0.5567 
0.8034 
0.5376 
0.1304 
1.0000 
0.2136 
0.4273 
0.5025 
0.6008 
0.3781 
0.5838 
0.7202 
0.9840 
0.9107 
0.1153 
0.9458 
0.5025 
0.7282 
0.6199 
0.5306 
0.1214 
0.6610 
0.1194 
0.3089 
0.4363 
0.5888 
0.0441 
0.3019 
0.5476 
0.1795 
0.0060 
0.4072 
0.6700 
0.5065 
0.2839 
0.3601 
0.2708 
0.4243 
0.3992 
0.6981 
0.0451 
0.7844 
0.8255 
0.1575 
0.5697 
0.4092 
0.3581 
0.9779 
0.2548 
0.2638 
0.0221 
0.9930 
0.5436 
0.5306 
0.8335 
0.2467 
0.4624 
0.9127 
0.3501 
0.5256 
0.1725 
0.0150 
0.1795 
0.2267 
0.5958 
0.6249 
0.8225 
0.8837 
0.7523 
0.4724 
0.9940 
0.7783 
0.5436 
0.7352 
0.2828 
0.7703 
0.4092 
0.7382 
0.7793 
0.2798 
0.6720 
0.8195 
0.2116 
0.5507 
0.6991 
0.9809 
0.7172 
0.4042 
0.4213 
0.2207 
0.9920 
0.7753 
0.3159 
0.4584 
0.6259 
0.0301 
0.1133 
0.6921 
0.3831 
0.2267 
0.8516 
0.1665 
0.6259 
0.4473 
0.0632 
0.4845 
0.3962 
0.3982 
0.9829 
0.0772 
0.0301 
0.2628 
0.5386 
0.1655 
0.3350 
0.0070 
0.7813 
0.4213 
0.8265 
0.9027 
0.3992 
0.1364 
0.3741 
0.9218 
0.1625 
0.5797 
0.9358 
0.0341 
0.2989 
0.8977 
0.0983 
0.5627 
0.3561 
0.5868 
0.5426 
0.8796 
0.2738 
0.7823 
0.1264 
0.9428 
0.5476 
0.4493 
0.3460 
0.6169 
0.8516 
0.9850 
0.2096 
0.3350 
0.3440 
0.8666 
0.6610 
0.3912 
0.4393 
0.7583 
0.9649 
0.9970 
0.4965 
0.2508 
0.9679 
0.7232 
0.9549 
0.3460 
0.8937 
0.5948 
0.7482 
0.2518 
0.0491 
0.1655 
0.7944 
0.7964 
0.6399 
0.9850 
0.0812 
0.6610 
0.4303 
0.5125 
0.1946 
0.1234 
0.3862 
0.6118 
0.4213 
0.1615 
0.6510 
0.0822 
0.6700 
0.9308 
0.6851 
0.6760 
0.9840 
0.8706 
0.6349 
0.8335 
0.3119 
0.8425 
0.9468 
0.9318 
0.2016 
0.7693 
0.6068 
0.5266 
0.1976 
0.3571 
0.7172 
0.3751 
0.4694 
0.7302 
0.7212 
0.9238 
0.0752 
0.6108 
0.2327 
0.9689 
0.7733 
0.8997 
0.8255 
0.6510 
0.3992 
0.1454 
0.4383 
0.3982 
0.6068 
0.9368 
0.3821 
0.9759 
0.6660 
0.7192 
0.3180 
0.4574 
0.7312 
0.0171 
0.9739 
0.7533 
0.0060 
0.6810 
0.6760 
0.5948 
0.7683 
0.5476 
0.6620 
0.9157 
0.4965 
0.6359 
0.7101 
0.7252 
0.3069 
0.6419 
0.5978 
0.1073 
0.6249 
0.4042 
