500 9.0000
370.0000 
312.0000 
632.0000 
828.0000 
147.0000 
36.0000 
342.0000 
841.0000 
742.0000 
768.0000 
160.0000 
561.0000 
913.0000 
76.0000 
286.0000 
960.0000 
322.0000 
318.0000 
796.0000 
960.0000 
1002.0000 
561.0000 
437.0000 
49.0000 
527.0000 
605.0000 
234.0000 
242.0000 
260.0000 
83.0000 
342.0000 
774.0000 
645.0000 
836.0000 
665.0000 
67.0000 
368.0000 
996.0000 
576.0000 
168.0000 
128.0000 
421.0000 
731.0000 
121.0000 
935.0000 
669.0000 
145.0000 
899.0000 
328.0000 
313.0000 
691.0000 
12.0000 
509.0000 
320.0000 
385.0000 
681.0000 
575.0000 
570.0000 
196.0000 
152.0000 
43.0000 
1002.0000 
500.0000 
101.0000 
876.0000 
209.0000 
10.0000 
894.0000 
590.0000 
883.0000 
236.0000 
963.0000 
156.0000 
281.0000 
532.0000 
149.0000 
399.0000 
118.0000 
952.0000 
239.0000 
402.0000 
941.0000 
305.0000 
664.0000 
776.0000 
639.0000 
705.0000 
50.0000 
262.0000 
647.0000 
668.0000 
413.0000 
822.0000 
878.0000 
738.0000 
533.0000 
275.0000 
983.0000 
956.0000 
158.0000 
311.0000 
114.0000 
477.0000 
130.0000 
484.0000 
186.0000 
245.0000 
750.0000 
853.0000 
295.0000 
873.0000 
771.0000 
357.0000 
750.0000 
205.0000 
962.0000 
825.0000 
984.0000 
37.0000 
863.0000 
652.0000 
483.0000 
189.0000 
678.0000 
365.0000 
463.0000 
343.0000 
665.0000 
907.0000 
87.0000 
344.0000 
1001.0000 
657.0000 
259.0000 
1007.0000 
804.0000 
149.0000 
1004.0000 
579.0000 
862.0000 
940.0000 
114.0000 
159.0000 
286.0000 
520.0000 
975.0000 
984.0000 
652.0000 
782.0000 
370.0000 
557.0000 
893.0000 
783.0000 
91.0000 
773.0000 
544.0000 
872.0000 
601.0000 
863.0000 
777.0000 
787.0000 
970.0000 
961.0000 
434.0000 
36.0000 
986.0000 
67.0000 
396.0000 
209.0000 
589.0000 
617.0000 
537.0000 
918.0000 
712.0000 
823.0000 
591.0000 
531.0000 
549.0000 
959.0000 
378.0000 
528.0000 
565.0000 
282.0000 
334.0000 
473.0000 
132.0000 
102.0000 
686.0000 
479.0000 
875.0000 
479.0000 
728.0000 
204.0000 
578.0000 
18.0000 
492.0000 
414.0000 
623.0000 
830.0000 
466.0000 
111.0000 
821.0000 
109.0000 
237.0000 
940.0000 
307.0000 
915.0000 
737.0000 
961.0000 
62.0000 
937.0000 
887.0000 
386.0000 
552.0000 
321.0000 
190.0000 
642.0000 
167.0000 
913.0000 
631.0000 
219.0000 
199.0000 
84.0000 
107.0000 
654.0000 
288.0000 
250.0000 
539.0000 
746.0000 
329.0000 
583.0000 
831.0000 
342.0000 
279.0000 
153.0000 
46.0000 
972.0000 
319.0000 
375.0000 
639.0000 
871.0000 
218.0000 
240.0000 
539.0000 
681.0000 
364.0000 
515.0000 
118.0000 
853.0000 
42.0000 
565.0000 
811.0000 
546.0000 
140.0000 
1007.0000 
223.0000 
436.0000 
511.0000 
609.0000 
387.0000 
592.0000 
728.0000 
991.0000 
918.0000 
125.0000 
953.0000 
511.0000 
736.0000 
628.0000 
539.0000 
131.0000 
669.0000 
129.0000 
318.0000 
445.0000 
597.0000 
54.0000 
311.0000 
556.0000 
189.0000 
16.0000 
416.0000 
678.0000 
515.0000 
293.0000 
369.0000 
280.0000 
433.0000 
408.0000 
706.0000 
55.0000 
792.0000 
833.0000 
167.0000 
578.0000 
418.0000 
367.0000 
985.0000 
264.0000 
273.0000 
32.0000 
1000.0000 
552.0000 
539.0000 
841.0000 
256.0000 
471.0000 
920.0000 
359.0000 
534.0000 
182.0000 
25.0000 
189.0000 
236.0000 
604.0000 
633.0000 
830.0000 
891.0000 
760.0000 
481.0000 
1001.0000 
786.0000 
552.0000 
743.0000 
292.0000 
778.0000 
418.0000 
746.0000 
787.0000 
289.0000 
680.0000 
827.0000 
221.0000 
559.0000 
707.0000 
988.0000 
725.0000 
413.0000 
430.0000 
230.0000 
999.0000 
783.0000 
325.0000 
467.0000 
634.0000 
40.0000 
123.0000 
700.0000 
392.0000 
236.0000 
859.0000 
176.0000 
634.0000 
456.0000 
73.0000 
493.0000 
405.0000 
407.0000 
990.0000 
87.0000 
40.0000 
272.0000 
547.0000 
175.0000 
344.0000 
17.0000 
789.0000 
430.0000 
834.0000 
910.0000 
408.0000 
146.0000 
383.0000 
929.0000 
172.0000 
588.0000 
943.0000 
44.0000 
308.0000 
905.0000 
108.0000 
571.0000 
365.0000 
595.0000 
551.0000 
887.0000 
283.0000 
790.0000 
136.0000 
950.0000 
556.0000 
458.0000 
355.0000 
625.0000 
859.0000 
992.0000 
219.0000 
344.0000 
353.0000 
874.0000 
669.0000 
400.0000 
448.0000 
766.0000 
972.0000 
1004.0000 
505.0000 
260.0000 
975.0000 
731.0000 
962.0000 
355.0000 
901.0000 
603.0000 
756.0000 
261.0000 
59.0000 
175.0000 
802.0000 
804.0000 
648.0000 
992.0000 
91.0000 
669.0000 
439.0000 
521.0000 
204.0000 
133.0000 
395.0000 
620.0000 
430.0000 
171.0000 
659.0000 
92.0000 
678.0000 
938.0000 
693.0000 
684.0000 
991.0000 
878.0000 
643.0000 
841.0000 
321.0000 
850.0000 
954.0000 
939.0000 
211.0000 
777.0000 
615.0000 
535.0000 
207.0000 
366.0000 
725.0000 
384.0000 
478.0000 
738.0000 
729.0000 
931.0000 
85.0000 
619.0000 
242.0000 
976.0000 
781.0000 
907.0000 
833.0000 
659.0000 
408.0000 
155.0000 
447.0000 
407.0000 
615.0000 
944.0000 
391.0000 
983.0000 
674.0000 
727.0000 
327.0000 
466.0000 
739.0000 
27.0000 
981.0000 
761.0000 
16.0000 
689.0000 
684.0000 
603.0000 
776.0000 
556.0000 
670.0000 
923.0000 
505.0000 
644.0000 
718.0000 
733.0000 
316.0000 
650.0000 
606.0000 
117.0000 
633.0000 
413.0000 
